0.20747730957958277 268.77175121877616 11.29371842491574 1e-06 100
0.42170168500964667 489.332561805862 14.15141529916027 1e-06 100
0.10695500265635181 114.67987859621087 6.447493661362708 1e-06 100
0.2392237001649033 189.71290085412636 8.334051960627919 1e-06 100
0.44670055862392355 237.0490688525301 2.8613124521359703 1e-06 100
0.47597181458273397 155.2586566105655 4.473090829313636 1e-06 100
0.18590030036598776 263.76353604577184 7.438431784333547 1e-06 100
0.15210676725123276 244.13491695481807 4.0557621503134635 1e-06 100
0.11177993043335965 464.56179281522043 1.469644471244246 1e-06 100
0.2402668725373171 103.43776540319931 8.695804318619953 1e-06 100
0.07408412989902195 433.76505575716374 4.903279104885281 1e-06 100
0.09377367079924415 436.6671227008263 5.747187261130344 1e-06 100
0.3387743090329531 309.4659127688626 7.944537920560759 1e-06 100
0.08747273988958763 393.6471060961097 1.1554857343492893 1e-06 100
0.327134334476948 315.7784659769501 10.779500234423708 1e-06 100
